Phase IX
(1): (4736921.275051899, 155780.7992326276,  4254903.635465469)
(2): (4736919.078558417, 155782.5448048238,  4254906.701666768)
(3): (4736921.551735409, 155791.415475381,   4254903.598241987)
(4): (4736924.593733259, 155789.4343350178,  4254900.316332737)
(5): (4736923.304626978, 155795.59219304976, 4254902.326165935)
(6): (4736925.156289683, 155794.501318515,   4254900.056746761)

Phase X
(7):  (4736917.442880731,  155784.0460917098,  4254909.354462574)
(8):  (4736919.4644265305, 155793.10161341645, 4254906.700814347)
(9):  (4736921.472978681,  155794.21206371408, 4254905.315181075)
(10): (4736926.3798482595, 155778.7703270956,  4254899.582549576)
(11): (4736926.620684734,  155788.50797998527, 4254897.801063492)
(12): (4736925.596897241,  155790.54636060394, 4254898.615720657)

Phase XI
(13): (4736920.373439955, 155780.1964367563,  4254906.295053598)
(14): (4736923.35886236,  155778.54841953184, 4254902.473716368)

Phase XII-XIII
(15): (4736923.490581084, 155788.0811738723,  4254901.063082168)
(16): (4736925.953476667, 155786.66641559973, 4254898.420621295)